Times
646115074
472779567
547152424
516812379
651808737
550360316
652839193
573326634
648182796
686191488
585156672
629360554
544769999
534052224
605211209
630343990
618077025
490444256
522846467
783518289
560665894
618569729
690548231
665401371
569774256
565776702
620782711
653802282
613266595
628670100
706210512
706508561
633388171
621661637
697000176
652372171
660767519
678475151
720050398
688835380
620049166
668775416
720902473
721816343
732665481
774320390
836221537
652759031
712742129
636334948
