Times
1640082843
1654295469
1688768849
1744297558
1739025834
1795437077
1829233489
1755515759
1788137796
1929186609
1885713718
1826943546
1844872523
1799875561
1830536587
1930858989
1871812113
1950443397
1951150707
5275095579
1900393942
1981283187
1875986030
1892903843
1877550524
1942624602
1890081354
2024264206
2619897627
1954437727
1905642023
1985540512
1949506186
1923823821
1901849334
1846275237
1849061053
1888302266
1895977275
1937150762
1873452459
1828108981
1855786330
1872073018
1831749871
1872398652
1894042645
1854672640
1817757333
1863950451
